x
8
0
0
5
1
0
9
26
2
10
0
34
32
50
52
156
592
559
124
424
1558
2
4
3
6
159
177
2
3
1
4
6
14
42
6
10
2
18
3
4
71
12
67
170
233
0
48
65
91
2
16
43
34
69
35
3
5
32
0
2
8
0
0
11
15
28
180
104
197
7
95
31
1
5
74
82
279
24
1687
3
19
7
26
34
14
213
10
26
1
12
44
53
2
2
2
3
113
85
8
7
14
8
6
514
288
25
2
79
105
340
25
496
29
81
5
0
3
2
94
302
1303
48
607
81
4
10
2
12
9
9
8
1
0
16
79
29
8
10
26
4
7
63
71
22
73
2
8
0
0
0
176
673
30
5
1
3
65
107
0
63
173
74
2
2
47
75
7
6
31
81
75
12
48
1076
120
80
1
8
13
0
4
21
21
24
44
1
4
3
6
7
27
0
17
11
2
9
368
18
66
12
403
154
7
1
403
508
147
23
497
147
20
28
1
8
24
69
112
182
28
4
4
106
102
65
46
7
15
27
65
8
20
5
39
22
9
4
159
68
180
200
27
62
188
48
43
95
122
2
6
12
4
317
522
107
140
96
3
31
26
106
141
8
367
60
7
35
9
8
75
78
72
24
479
22
81
8
15
1826
33
76
59
205
42
100
311
15
3
36
128
4453
1654
31
17
13
31
4
0
16
6
232
