x
4
1
1
7
6
1
8
29
5
16
0
10
22
52
38
106
467
388
99
296
1090
2
7
12
25
203
229
0
1
1
5
9
17
33
2
17
15
19
4
8
56
18
72
275
254
0
65
75
99
2
14
78
42
93
16
3
4
4
1
0
4
2
0
18
26
31
127
97
203
6
76
25
0
6
154
27
71
6
1468
3
16
11
23
42
7
412
17
32
7
19
94
85
5
3
0
3
62
84
6
5
14
8
10
588
285
33
1
88
66
368
20
476
71
132
10
1
6
1
91
239
1009
46
561
91
7
6
5
11
13
11
16
2
6
9
43
22
6
6
15
6
8
51
55
29
70
1
16
0
0
0
276
1530
43
6
2
14
98
155
0
71
203
74
2
3
50
90
5
7
38
90
90
20
46
1105
167
155
1
14
11
0
10
31
29
17
25
0
1
0
6
9
18
0
7
5
1
11
456
13
64
5
155
44
8
0
155
555
160
29
542
160
30
31
1
2
20
38
71
98
36
7
7
142
96
56
37
9
13
18
48
10
33
1
30
14
11
7
93
33
87
273
29
97
201
70
86
145
48
0
9
6
9
347
756
181
117
88
7
47
40
99
157
6
280
60
6
59
17
0
140
46
49
7
365
40
100
10
21
749
29
73
51
157
27
79
274
36
2
37
100
3393
2203
25
19
7
55
9
2
7
7
230
