x
7
1
2
3
7
0
19
86
12
52
3
59
53
60
64
291
784
634
160
579
3360
6
4
10
20
352
399
3
8
4
18
13
38
56
8
40
11
29
5
12
107
25
96
403
367
4
87
67
107
5
39
72
49
105
85
4
4
43
2
1
22
1
1
53
38
57
389
241
250
20
88
49
3
19
98
137
523
22
1803
10
41
17
51
68
28
594
15
38
15
30
118
106
4
3
5
7
155
214
13
10
42
32
18
691
373
56
5
200
170
416
21
1321
50
215
7
7
5
5
104
349
2909
64
1023
107
21
19
4
22
21
15
27
3
9
26
163
44
9
16
46
8
20
114
158
59
191
13
24
3
3
0
462
1199
72
14
5
17
125
229
1
94
402
126
14
7
130
136
6
8
53
110
127
17
118
1902
161
153
3
17
10
0
20
47
50
64
95
4
8
3
5
14
57
0
34
39
8
19
844
23
158
27
442
163
29
3
442
945
164
42
939
164
52
102
9
10
103
127
202
351
50
12
8
125
149
96
127
20
29
29
118
18
76
4
85
19
17
22
258
78
435
456
46
104
478
169
107
97
139
5
12
29
14
424
673
139
172
154
5
62
48
138
307
15
557
95
5
67
38
22
206
141
110
29
509
44
177
8
25
3683
63
173
256
310
46
141
829
59
10
43
206
9201
3170
72
42
17
42
7
0
30
6
560
