x
13
9
2
19
8
0
19
72
5
32
0
6
14
61
54
157
406
404
91
346
1750
15
7
39
43
356
306
2
6
5
20
8
22
47
7
15
18
36
5
11
92
27
132
485
387
2
102
80
136
12
27
78
80
124
34
9
5
17
0
1
13
1
0
44
19
38
226
183
269
16
101
47
3
8
177
30
102
7
1563
1
47
25
47
89
36
702
24
36
15
35
176
157
10
4
10
18
106
199
5
11
31
23
14
662
371
43
0
154
197
490
31
1096
90
302
17
1
6
5
72
238
1694
56
785
90
11
17
3
7
17
22
22
4
11
23
73
16
9
14
33
9
19
79
113
33
134
2
14
0
1
1
532
2193
82
20
5
25
189
306
2
112
391
80
4
4
147
115
6
12
49
135
144
21
100
1511
236
194
4
28
14
1
16
46
42
36
46
2
3
0
11
9
31
3
13
12
3
16
852
58
142
10
193
66
22
2
193
787
156
46
766
156
34
62
9
5
45
43
108
168
58
8
13
129
120
71
70
34
22
38
75
12
41
5
62
17
12
6
120
39
169
446
35
129
440
162
142
169
62
1
17
23
13
462
904
207
158
152
6
53
54
134
232
10
342
93
12
64
29
6
234
79
57
13
443
51
165
25
35
1167
35
124
155
276
47
110
578
55
5
38
168
5471
3498
54
27
15
58
13
3
28
8
455
